Recall: 0.7295825771324864
F1-score: 0.7223446675285432
