Recall: 0.7277676950998185
F1-score: 0.7212625448230199
