XGBoost -> base test: 
Recall: 0.7386569872958257
F1-score: 0.7333696535287942
